64
74
142
397
490
909
1145
1290
1342
1360
1455
1688
1777
1813
1875
1903
2225
2347
2466
2570
2988
3008
3014
3192
3244
3668
3899
3911
3992
4020
4282
4421
4426
4488
4595
4622
4731
4739
4796
4972
5142
5282
5328
5345
5424
5469
5535
5619
5830
6033
6190
6484
6627
6748
6901
6921
7090
7124
7145
7179
7394
7594
7762
7855
7921
7944
8014
8042
8043
8114
8204
8593
8665
8747
8776
8781
8834
9038
9050
9119
9156
9270
9286
9465
9527
9539
9542
9557
9572
9620
9651
9679
9698
9801
9983
10138
10175
10466
10581
10643
10779
10785
10870
10877
10969
11075
11264
11282
11304
11328
11487
11504
11527
11528
11537
11702
12108
12281
12283
12375
12418
12428
12463
12698
12754
12766
12827
12839
13045
13106
13144
13292
13302
13595
13637
13675
13720
13949
13967
14088
14285
14385
14547
14629
14748
14773
14988
15074
15096
15109
15157
15165
15220
15266
15374
15524
15552
15567
15684
15953
16098
16243
16360
16403
16732
16733
16838
16839
17174
17210
17235
17311
17312
17345
17401
17545
17573
17580
17697
17791
17877
17914
18299
18432
18571
18584
18658
18780
18802
18819
19185
19250
19329
19608
19635
19637
19695
19723
19738
19926
19987
20087
20157
20161
20168
20175
20202
20305
20418
20528
20888
20908
20925
21060
21190
21217
21320
21327
21365
21498
21504
21639
21801
22026
22056
22104
22150
22154
22180
22415
22451
22593
22757
22775
22882
22894
22949
22953
23025
23093
23315
23448
23451
23735
24072
24125
24204
24231
24260
24674
24939
25009
25325
25461
25528
25539
25675
25697
25717
25729
25765
25777
25833
25860
25972
25994
26294
26348
26454
26583
26668
26907
26942
27041
27149
27544
27616
27717
27718
27810
27826
27859
28038
28085
28253
28261
28276
28674
28682
28802
28878
29114
29145
29377
29509
29525
29639
29838
29891
29909
29913
29994
30148
30347
30356
30361
30395
30643
30674
30752
30947
30960
31043
31112
31113
31230
31247
31329
31532
31537
31616
31733
31777
31893
31980
32068
32183
32578
32586
32625
32656
32893
32937
32957
33204
33297
33471
33505
33633
33650
33697
33751
33871
33904
33924
34113
34114
34128
34304
34409
34437
34445
34480
34551
34557
34611
34691
34708
34732
34785
34831
34874
34877
35032
35128
35146
35210
35211
35230
35272
35351
35407
35423
35677
35771
35774
35820
35864
35964
36091
36262
36267
36345
36349
36460
36484
36574
36622
36652
36942
36962
37017
37039
37063
37160
37198
37244
37246
37616
37695
37729
37814
37857
37907
37986
38305
38353
38546
38682
38722
38753
38963
39014
39040
39360
39455
39516
39588
39656
39671
39716
39718
39948
40497
40716
40729
40830
40931
40986
40988
41225
41507
41649
41678
41730
41753
41796
41838
41940
42091
42320
42404
42463
42704
42711
42725
42752
42834
42975
43206
43288
43289
43291
43306
43719
43771
43813
43851
43872
43895
44337
44454
44569
44596
44612
44625
44682
44839
45099
45222
45226
45396
45463
45721
45771
45808
45830
46002
46024
46090
46099
46104
46372
46438
46524
46812
46919
46927
46950
46981
47074
47125
47137
47225
47290
47386
47502
47507
47563
47658
47713
47833
47893
47953
48001
48129
48284
48432
48475
48670
48711
48789
48863
48895
48910
49053
49199
49312
49625
49740
49860
49988
50099
50389
50443
50481
50609
50636
50829
50882
50945
50981
51047
51052
51376
51618
51737
51801
52308
52324
52368
52497
52502
52703
52747
52869
53047
53131
53183
53196
53315
53351
53385
53410
53479
53719
53752
53952
54083
54091
54133
54225
54294
54398
54427
54492
54532
54598
54743
54870
54874
54889
54899
54953
54995
55017
55090
55130
55244
55388
55412
55466
55607
55683
55707
55731
55903
56206
56326
56332
56392
56480
56585
56644
56753
56896
56960
57100
57166
57264
57313
57570
57639
57673
57719
57842
57871
57979
58102
58105
58184
58254
58524
58609
58797
58801
58857
58864
58911
58937
59046
59165
59693
59868
60043
60360
60515
60539
60548
60593
60622
60623
60769
60780
60945
61053
61307
61389
61414
61599
61642
61735
61826
61838
62175
62231
62246
62344
62395
62543
62608
62716
62817
63143
63512
63525
63571
63698
63857
63865
63875
63886
64093
64149
64196
64307
64507
64736
65153
65336
65426
65433
65716
65781
65806
65883
65957
65969
65971
66011
66171
66376
66468
66516
66632
66650
66746
66881
67004
67339
67531
67573
67657
67716
67771
67985
68084
68183
68198
68235
68254
68340
68422
68749
68974
69003
69048
69052
69077
69256
69321
69383
69468
69532
69568
69668
69826
69837
69839
69928
70159
70192
70236
70309
70353
70380
70387
70478
70562
70939
71023
71136
71159
71283
71754
71807
71838
72007
72018
72370
72421
72549
72556
72605
72626
72845
72866
73035
73094
73353
73583
73595
73729
73824
73837
73855
73861
74041
74051
74127
74181
74232
74253
74409
74549
74577
74638
74820
74900
74920
74959
74993
75270
75305
75344
75458
75487
75563
75587
75624
75636
75726
75821
75842
75884
75999
76146
76246
76384
76431
76462
76518
76595
76738
76765
76872
76970
77027
77174
77270
77415
77542
77769
78253
78339
78394
78495
78562
78642
78701
78741
78771
78782
79035
79113
79367
79421
79603
79634
79831
80065
80084
80185
80360
80397
80566
80714
80720
80725
80756
80821
80927
81127
81201
81239
81274
81283
81315
81398
81408
81447
81504
81827
81841
81956
82198
82212
82301
82367
82551
82568
82604
82729
82826
82894
83134
83159
83190
83508
83601
83613
83651
83768
83879
83914
83973
84046
84259
84273
84383
84561
84680
84701
84731
84783
85272
85340
85398
85481
85601
85902
85974
86008
86215
86285
86408
86412
86556
86790
86800
86842
86901
86922
87101
87105
87125
87205
87213
87363
87465
87574
87738
87871
87876
88102
88123
88192
88433
88562
88603
88928
89052
89062
89112
89281
89322
89350
89792
89931
90010
90306
90516
90645
90659
90679
90802
90884
91080
91263
91374
91465
91527
91797
91852
91994
92173
92213
92488
92553
92602
92661
92686
92729
93175
93183
93333
93417
93535
93580
93644
93686
93748
93853
93959
94049
94052
94061
94132
94163
94174
94359
94485
94501
94518
94566
94609
94678
94984
95100
95161
95241
95258
95297
95308
95336
95341
95371
95561
95583
95854
95902
95990
96046
96067
96084
96107
96497
96526
96573
96690
96693
96832
96973
97036
97094
97173
97217
97315
97380
97427
97465
97514
97561
97819
97878
97883
97914
97964
97976
98064
98127
98260
98361
98560
98642
98694
98748
98887
98956
99008
99135
99139
99222
99477
99539
99636
99701
99874
100438
100535
100542
100770
100812
100909
100974
100975
101038
101079
101084
101157
101310
101355
101560
101572
101697
101750
101814
101874
101877
101904
101913
102174
102278
102319
102420
102439
102446
102469
102662
102735
102987
103119
103161
103352
103757
103806
103940
103973
104079
104125
104150
104395
104432
104453
104485
104494
104739
104751
104790
104800
104808
104817
104879
104930
105030
105040
105388
105603
105711
105762
105812
105877
105976
106150
106375
106392
106497
106557
106616
106657
106666
106900
107123
107147
107176
107384
107389
107436
107454
107519
107535
107620
107770
107831
107881
107922
107963
108051
108189
108242
108293
108301
108384
108431
108484
108566
108598
108751
108862
108871
109011
109036
109084
109092
109106
109125
109216
109308
109588
109612
109776
109895
110034
110123
110240
110287
110369
110518
110616
110672
110800
111010
111022
111076
111118
111148
111188
111224
111341
111347
111549
111574
111727
111749
111996
112065
112201
112235
112286
112553
112832
112836
112882
112951
113139
113271
113276
113367
113369
113440
113810
114119
114142
114158
114169
114187
114239
114316
114657
114710
114717
114807
114947
115005
115102
115132
115145
115296
115793
115804
115846
115912
116048
116049
116126
116326
116336
116677
116696
116944
117061
117089
117108
117302
117352
117366
117400
117530
117679
117742
117784
117788
118027
118199
118219
118563
118590
118605
119002
119081
119134
119146
119414
119555
119614
119621
119729
119834
119860
119909
120099
120178
120285
120475
120643
121001
121046
121087
121112
121226
121358
121521
121530
121535
121560
121598
121602
121612
121613
121659
121754
121841
122020
122097
122109
122144
122238
122250
122335
122390
122498
122602
122688
122954
123074
123136
123699
123776
123878
123921
124002
124135
124182
124210
124367
124383
124723
124786
124803
124836
124850
124861
124911
124914
124985
125015
125059
125120
125228
125353
125550
125603
125724
125761
125998
126047
126097
126163
126235
126238
126552
126696
126719
126728
126815
126983
127028
127035
127161
127296
127381
127400
127407
127441
127623
127760
127799
127863
127865
127871
128072
128180
128431
128515
128586
128938
129085
129117
129262
129359
129502
129547
129801
129852
130093
130116
130120
130206
130328
130456
130598
131018
131203
131208
131361
131419
131485
131764
131804
132000
132059
132067
132219
132272
132565
132578
132644
132646
132793
132860
133063
133194
133291
133622
133730
134240
134447
134510
134712
134772
134832
134858
135116
135263
135356
135497
135577
135579
135748
135759
135822
135959
136088
136131
136142
136212
136245
136270
136331
136373
136396
136624
136757
136795
136917
136920
136979
137140
137265
137300
137479
137595
137824
137861
137892
137961
138040
138064
138086
138200
138310
138367
138461
138473
138549
138699
138704
138780
139140
139503
139572
139639
139712
139785
139907
140122
140179
140188
140244
140388
140661
140865
140866
140963
140988
141040
141102
141108
141163
141712
141795
141842
142177
142259
142261
142364
142386
142390
142440
142454
142565
142589
142711
142896
142941
143030
143516
143621
143841
143933
144027
144179
144289
144371
144430
144431
144725
144746
144862
144937
145101
145139
145211
145238
145241
145318
145381
145526
145843
145845
145898
145903
146015
146030
146078
146098
146481
146487
146513
146568
146711
146972
146988
147000
147054
147092
147165
147278
147331
147488
147635
147710
147894
147972
147983
148067
148176
148239
148409
148584
148705
148727
148809
148810
148827
148898
148968
148977
149091
149184
149204
149250
149305
149320
149357
149467
149566
149874
150026
150117
150151
150198
150208
150276
150320
150358
150594
150652
150675
150685
150703
150746
150969
151017
151170
151328
151567
151581
151664
151756
151896
152036
152099
152626
152693
152769
152914
152994
153036
153154
153202
153219
153300
153368
153455
153466
153476
153506
153542
153559
153631
153638
153733
153776
153856
153871
153938
154123
154168
154241
154254
154414
154451
154704
154846
154911
154916
154931
155105
155106
155245
155263
155417
155465
155488
155496
155774
155861
155892
155914
156090
156180
156367
156404
156849
156914
156939
157155
157190
157204
157230
157242
157519
157526
157639
157669
157696
157700
157714
157866
157883
158169
158186
158222
158276
158362
158378
158428
158498
158708
158747
159069
159127
159331
159376
159453
159562
159627
159828
159842
159856
159924
159969
159972
160106
160201
160459
160480
160498
160712
160901
161051
161079
161112
161599
161605
161812
161877
161919
161929
162104
162280
162346
162355
162375
162386
162488
162524
162646
162728
162861
162880
163266
163348
163473
163518
163528
163738
163823
163831
164100
164290
164348
164357
164496
164534
164553
164691
164891
165062
165133
165161
165298
165542
165610
165707
165742
165750
165757
165760
166003
166225
166233
166549
166713
166742
166853
166889
167131
167206
167450
167477
167480
167952
167989
168020
168108
168175
168234
168246
168291
168387
168522
168544
168546
168650
168775
168812
168858
168909
169197
169322
169352
169499
169646
169732
169803
169984
170035
170139
170238
170401
170411
170525
170712
170766
170917
170937
171012
171062
171199
171310
171735
171805
172012
172020
172123
172137
172158
172405
172422
172490
172680
172686
172900
172957
172987
173019
173062
173208
173595
173704
173777
173814
173843
173856
174026
174071
174113
174425
174511
174751
174876
175195
175263
175318
175491
175520
175583
175600
175731
175820
176106
176113
176138
176148
176194
176257
176318
176415
176466
176536
176622
176726
176945
177254
177306
177361
177366
177381
177496
177529
177572
177658
177762
177775
177824
177924
178156
178208
178411
178415
178526
178761
178793
178795
178847
178865
178869
178890
178901
179088
179186
179545
179563
179580
179690
179720
179839
179951
179954
179961
179990
180099
180186
180373
180463
180521
180569
180578
180606
180821
180830
181079
181217
181330
181493
181509
181564
181574
181627
181734
181747
181829
181885
182019
182098
182167
182245
182300
182334
182362
182468
182496
182658
182902
182933
183233
183247
183266
183292
183336
183393
183905
183967
184065
184313
184388
184499
184903
185041
185236
185265
185452
185545
185571
185577
185614
185777
185807
185818
185830
186108
186280
186438
186550
186635
186734
186997
187042
187157
187465
187469
187644
187723
187833
187959
187963
188146
188352
188482
188534
188712
188723
188768
188866
189274
189390
189509
189550
189656
189675
189767
189789
189813
189847
189855
189903
190002
190115
190133
190156
190187
190330
190391
190475
190554
190667
190826
191136
191156
191225
191251
191320
191408
191439
191477
191592
191667
191717
191758
191805
191984
192039
192079
192296
192440
192457
192652
192808
193062
193254
193271
193287
193332
193401
193506
193547
193622
193623
193680
193692
193720
193798
194043
194120
194208
194288
194362
194420
194676
195179
195267
195390
195449
195696
195716
195724
195761
195772
195903
195947
196281
196619
196817
196876
196917
196971
196974
197266
197568
197577
197616
197678
197739
197888
198027
198079
198108
198363
198635
199634
199940
200133
200206
200680
200739
200775
200782
200801
201039
201261
201301
201402
201662
201685
201844
201925
202226
202260
202609
202658
202681
202832
202842
202856
202861
202865
202918
203085
203086
203306
203371
203497
203517
203611
203661
203691
203710
203730
203843
203975
203989
204026
204051
204052
204219
204272
204311
204384
204448
204473
204661
204671
204726
204889
205134
205308
205356
205791
205902
206268
206400
206405
206577
206620
206751
206787
206903
206913
207046
207051
207349
207385
207475
207479
207668
207691
207739
207889
207941
207995
208050
208132
208151
208250
208267
208557
208633
208714
208786
208956
209016
209130
209290
209292
209299
209380
209405
209468
209542
209548
209570
209638
209643
209718
209782
209856
209967
210002
210077
210190
210471
210672
210761
210777
210846
210883
210920
210999
211002
211051
211112
211186
211203
211260
211302
211586
211600
211775
212363
212766
212974
213135
213148
213305
213314
213429
213538
213578
213579
213674
213693
213790
213881
213963
213970
213976
214191
214250
214305
214388
214471
214571
214704
214873
214997
215002
215221
215356
215376
215579
215691
215782
215844
216161
216303
216437
216468
216601
216682
216685
216894
216944
216985
217509
217623
217937
218183
218223
218454
218668
218674
218759
218830
219059
219121
219413
219514
219524
219606
219690
219752
219784
219817
219861
219869
220096
220111
220531
220548
221546
221547
221592
221753
221763
221829
221846
221911
221932
221973
222037
222127
222137
222411
222430
222453
222512
222564
222716
222842
223035
223114
223288
223366
223404
223660
223766
223790
223832
223833
224005
224045
224049
224164
224244
224306
224476
224505
225271
225352
225458
225913
225986
226097
226220
226232
226350
226378
226383
226559
226597
226664
226758
226795
226913
227440
227441
227638
227709
227723
227843
227946
227948
228091
228211
228234
228335
228344
228506
228580
228732
228799
228920
228953
228992
229084
229191
229286
229427
229740
229787
230044
230127
230152
230272
230296
230449
230522
230548
230617
230619
230650
230673
230889
230900
230916
230931
230972
230987
230995
231109
231142
231322
231402
231536
231630
231637
231671
231714
231838
232118
232218
232279
232451
232598
232663
232993
233169
233290
233319
233483
233526
233615
233786
233790
233868
233915
233991
234091
234100
234396
234475
234499
234916
234986
235253
235564
235568
235575
235591
235621
235795
236016
236125
236226
236340
236740
236941
237031
237143
237160
237230
237453
237632
237764
237853
237872
238049
238138
238171
238227
238502
238537
238717
238749
238795
238860
238881
239013
239120
239130
239145
239180
239244
239323
239427
239452
239644
239791
239801
239845
239881
239884
239930
240043
240101
240119
240247
240393
240681
240685
240727
240862
240867
241188
241294
241565
241617
242118
242138
242167
242261
242365
242610
242619
242739
242771
242784
242789
242855
243280
243443
243780
243910
244011
244060
244428
244476
244792
244992
245096
245162
245451
245462
245528
245577
245582
245664
245874
245932
245978
246069
246307
246496
246706
246729
246913
247157
247214
247234
247301
247319
247555
247680
247718
247874
248016
248024
248069
248085
248170
248319
248403
248419
248459
248478
248591
248645
248701
248732
248847
248856
248912
248920
249086
249372
249445
249470
249471
249515
249599
249804
249810
249875
249922
249969
250084
250103
250165
250193
250240
250526
250543
250684
250724
250790
250954
251365
251418
251531
251794
251835
251897
251967
252054
252344
252846
252998
253177
253219
253263
253408
253441
253449
253483
253665
253686
253749
253827
253887
253955
253969
254167
254197
254356
254658
254786
254806
254869
255018
255420
255573
255706
255849
256154
256197
256309
256386
256444
256533
256589
256706
256734
256755
256771
256787
256915
257063
257071
257073
257165
257327
257458
257575
257617
257723
257729
257767
257821
257955
258270
258336
258411
258581
258705
258725
258762
258789
258832
259060
259087
259113
259120
259153
259188
259434
259491
259514
259555
259556
259945
260150
260248
260311
260354
260393
260399
260443
260695
261182
261283
261305
261326
261511
261576
261664
261757
261779
262054
262059
262172
262239
262275
262359
262407
262514
262519
262670
262991
263229
263393
263512
263526
263896
263957
263968
263973
264212
264222
264434
264436
264514
264537
264686
264712
264758
264791
264805
264855
264957
265036
265100
265179
265196
265225
265227
265253
265274
265566
265589
265701
265707
265916
266043
266083
266275
266336
266366
266715
266756
266831
266859
266885
266908
267042
267055
267067
267095
267199
267216
267231
267266
267321
267329
267348
267422
267502
267555
267661
267694
267725
268195
268260
268363
268397
268406
268541
268570
268646
269063
269089
269174
269183
269273
269417
269502
269551
269566
269726
269784
269831
270083
270096
270179
270243
270290
270295
270596
270603
270605
270609
270696
270721
271051
271068
271117
271157
271215
271259
271447
271466
271476
271495
271604
271701
271714
271759
271929
272059
272100
272241
272242
272459
272630
272647
272694
272713
272741
272877
272880
272899
273083
273086
273103
273158
273276
273329
273416
273469
273491
273591
273633
273677
273698
273716
273825
273855
273863
273893
274085
274109
274213
274254
274271
274304
274509
274518
274593
274734
274784
274786
274800
274888
275120
275219
275325
275339
275412
275657
275700
275760
275855
275979
276076
276386
276488
276507
276539
276610
276768
276806
277003
277015
277025
277162
277427
277793
277799
277831
277907
277998
278060
278121
278203
278219
278258
278303
278313
278315
278411
278435
278467
278525
278548
278646
278653
278732
278752
278931
279122
279149
279265
279322
279345
279476
279490
279561
279672
279674
279777
279818
279850
279881
280177
280377
280490
280641
280678
280709
280761
280858
280866
280955
281038
281051
281111
281194
281227
281280
281534
281573
281701
281882
281906
282027
282042
282220
282231
282234
282329
282599
282707
282720
282733
282737
282773
282900
282978
283059
283188
283190
283355
283451
283475
283584
283617
283624
283638
283648
283697
283840
283940
283968
284375
284488
284540
284560
284703
284758
284851
284860
285007
285253
285357
285484
285548
285603
285733
286120
286302
286511
286550
286575
286662
286953
287197
287386
287387
287400
287422
287488
287507
287578
287872
288023
288106
288157
288161
288610
288713
288724
288753
289033
289140
289199
289255
289260
289392
289460
289572
289621
289654
289871
289895
290093
290174
290177
290201
290524
290532
290645
290689
290693
290774
290819
291009
291257
291269
291677
291816
291915
292032
292047
292103
292135
292206
292522
292579
292827
292912
292970
292993
293002
293070
293124
293165
293249
293418
293658
293674
293716
293852
293855
293974
294051
294083
294238
294283
294330
294549
294564
294595
294608
294652
294698
294702
294716
294749
294863
294914
294920
294978
295051
295053
295103
295106
295134
295166
295460
295558
295688
295693
295778
295840
295960
296064
296128
296153
296159
296257
296303
296758
296802
296892
296975
297045
297233
297260
297363
297425
297512
297639
297765
297876
297880
297964
297979
298067
298138
298162
298276
298322
298403
298481
298512
298623
298672
298773
298906
299004
299116
299190
299411
299550
299643
299688
299765
299794
299871
299974
299987
300000
300034
300070
300375
300415
300896
301029
301148
301195
301300
301415
301514
301575
301631
301649
301912
301927
301963
302026
302052
302240
302278
302349
302603
302606
302661
302678
302789
302903
302924
303041
303076
303133
303247
303431
303586
303599
303626
303651
303708
303718
303763
303797
303847
303937
304173
304385
304434
304456
304519
304725
304744
304757
304758
304759
304858
304909
304950
305084
305093
305117
305278
305291
305451
305502
305545
305600
305752
305873
305899
305978
306047
306095
306288
306485
306490
306511
306554
306638
306868
307026
307039
307048
307091
307138
307423
307475
307573
307603
307683
307732
307995
308040
308121
308180
308197
308265
308549
308568
308575
308702
308780
308936
309005
309034
309294
309322
309413
309580
309817
309925
310070
310177
310193
310214
310227
310300
310354
310442
310450
310572
310672
310770
310903
311087
311197
311290
311337
311561
311678
311683
311690
311818
311827
311974
312020
312056
312233
312286
312299
312596
312718
312795
312828
312850
313129
313228
313315
313321
313340
313596
313705
313720
313799
313922
313946
314016
314125
314412
314626
314690
314778
314893
315073
315111
315174
315399
315411
315441
315467
315568
315577
315663
315742
315768
315813
315860
315895
316194
316353
316438
316441
316477
316481
316482
316536
316580
316581
316585
316660
316671
316842
317237
317254
317656
317851
317891
317896
317962
318088
318168
318328
318346
318355
318361
318365
318701
318726
318854
318906
318999
319283
319350
319465
319688
319706
319765
319917
320015
320039
320658
320707
320832
320835
320872
320875
320974
321007
321064
321223
321318
321344
321438
321491
321495
321496
321522
321633
321690
321736
321811
321860
321861
321866
321960
322268
322278
322302
322353
322369
322445
322499
322500
322536
322577
322634
322771
322979
323264
323322
323356
323462
323499
323592
323717
323820
323862
323917
323925
324032
324156
324171
324261
324286
324365
324419
324584
324817
324837
324871
324999
325008
325149
325175
325332
325343
325471
325505
325555
325654
325681
325758
325831
325935
325992
326021
326056
326113
326116
326203
326293
326313
326359
326428
326499
326570
326572
326966
326968
327032
327330
327354
327436
327498
327724
327845
328217
328228
328270
328298
328391
328427
328462
328571
328596
328654
328686
328688
328792
328797
329054
329239
329354
329386
329502
329652
329730
329869
329931
329957
330022
330112
330175
330493
330573
330597
330961
331074
331230
331268
331331
331403
331506
331551
331807
331863
331871
332015
332512
332607
332690
332705
332722
332775
332861
333102
333532
333538
333583
333599
333626
333643
333684
333691
333703
333848
333859
334085
334098
334135
334136
334161
334187
334240
334328
334416
334423
334470
334557
334671
334732
334755
334777
334813
334911
334947
335003
335184
335207
335233
335316
335362
335451
335481
335539
335585
335758
336313
336324
336369
336390
336477
336479
336492
336607
336752
336762
336839
337188
337265
337354
337366
337458
337490
337525
337536
337609
337662
337689
337705
337745
337994
338281
338367
338924
338949
339042
339159
339244
339352
339358
339588
339684
339916
340002
340019
340065
340261
340267
340440
340498
340511
340529
340623
340674
340736
340758
340841
340934
341040
341054
341118
341219
341271
341385
341399
341430
341529
341534
341584
341621
341663
341696
341834
341985
342011
342078
342340
342381
342452
342532
342633
342666
342724
342988
343198
343225
343394
343503
343504
343552
343608
343792
343799
343860
343881
343963
344033
344051
344127
344271
344276
344498
344945
344998
345053
345172
345225
345388
345400
345401
345432
345559
345602
345813
345855
346185
346433
346481
346560
346668
346724
346749
346938
346947
347016
347055
347167
347228
347300
347328
347362
347405
347768
347773
347787
347928
348010
348059
348071
348091
348162
348197
348199
348277
348290
348400
348480
348528
348816
348913
348982
349017
349215
349230
349337
349376
349414
349433
349511
349512
349559
349709
349719
349737
349888
349915
349925
350268
350340
350468
350481
350617
350619
350706
350799
350810
350825
350960
351159
351166
351242
351380
351494
351549
351550
351622
351796
351968
352162
352507
352585
352821
353012
353028
353300
353427
353511
353622
353701
353790
353803
353893
353919
353968
353982
354059
354389
354392
354429
354645
354772
354799
355075
355122
355159
355175
355182
355194
355256
355453
355594
355647
355661
355778
355828
355863
356061
356068
356253
356290
356380
356382
356402
356435
356533
356622
356648
356746
356788
357194
357511
357584
357604
357690
357881
358065
358066
358075
358223
358236
358268
358429
358584
358633
358717
358874
358921
359005
359037
359507
359519
359537
359688
360068
360147
360178
360182
360209
360277
360297
360334
360371
360485
360570
360611
360735
360805
360870
361055
361124
361351
361604
361661
361778
361947
362046
362108
362120
362198
362289
362314
362475
362608
362676
362744
362751
362768
362831
362879
362999
363022
363038
363120
363169
363241
363358
363431
363639
363719
363736
363829
363869
364009
364032
364067
364139
364283
364372
364491
364590
364722
364797
364932
365101
365258
365277
365353
365366
365512
365582
365611
365657
365822
365841
366016
366058
366173
366255
366406
366408
366683
366793
366863
366931
367035
367142
367171
367280
367310
367337
367528
367582
367619
367732
367835
367838
367848
367853
368208
368242
368629
368807
368818
369022
369023
369125
369156
369204
369249
369259
369452
369461
369567
369575
369701
369848
369860
369913
369936
369977
369986
370045
370610
370638
370718
370727
370783
370928
371046
371157
371201
371315
371548
371587
371705
371839
372136
372191
372233
372294
372498
372709
372774
372919
372976
373073
373374
373396
373500
373577
373697
373747
373785
373881
374043
374308
374430
374628
374702
374806
374922
374994
375086
375180
375382
375426
375473
375500
375509
375521
375714
375815
375881
375909
375960
375992
376047
376263
376266
376603
376731
376767
376791
377003
377091
377177
377359
377594
377611
377713
377951
378024
378087
378186
378198
378313
378448
378506
378558
379180
379241
379294
379357
379470
379508
379520
379612
379659
379735
379736
379799
379845
379911
379914
380126
380271
380420
380449
380472
380732
380920
381117
381199
381205
381257
381330
381458
381460
381555
381875
381945
382081
382100
382126
382261
382278
382356
382401
382559
382564
382617
382655
382945
382971
383250
383435
383438
383549
383616
383706
383846
383958
384101
384188
384261
384391
384641
384675
384750
384788
384811
384888
385016
385082
385172
385302
385326
385406
385423
385533
385695
385707
385743
386079
386092
386298
386361
386540
386553
386584
386872
386890
386936
386945
386996
387429
387518
387616
387645
387666
387696
387748
387913
387976
388214
388481
388658
388805
388905
389006
389011
389081
389107
389116
389256
389312
389331
389389
389401
389425
389595
389667
389755
389777
389974
390243
390260
390262
390310
390347
390879
390923
390991
391031
391132
391141
391213
391269
391297
391786
391966
391976
392167
392269
392319
392387
392726
392827
392850
392915
392947
393089
393091
393193
393375
393428
393493
393508
393592
393630
393854
393874
393971
394478
394600
394794
394896
394957
395144
395170
395198
395225
395463
395555
395678
395766
395926
395995
396084
396224
396296
396302
396387
396455
396467
396636
396684
396688
396838
396932
396984
397004
397005
397041
397104
397203
397217
397219
397414
397423
397427
397619
397734
397787
397941
398053
398191
398225
398246
398271
398419
398604
398992
399058
399078
399349
399354
399461
399472
399661
399879
400010
400028
400060
400064
400241
400343
400347
400379
400398
400417
400453
400525
400625
400742
400869
400966
400999
401045
401144
401218
401532
401766
401802
401910
402287
402405
402448
402507
402514
402569
402632
402644
402779
403253
403291
403325
403489
403500
403526
403619
403888
403910
403913
404059
404101
404517
404526
404984
405141
405188
405225
405291
405324
405440
405516
406075
406182
406199
406296
406303
406422
406490
406767
406867
406957
407037
407056
407173
407313
407390
407460
407651
407705
407734
407808
407891
407963
407968
408143
408235
408465
408736
408946
409027
409063
409135
409160
409220
409247
409338
409367
409568
409674
409708
409791
410033
410061
410107
410108
410261
410436
410441
410554
410561
410571
410627
410704
410808
410836
411083
411160
411321
411327
411384
411451
411478
411564
411653
411717
411941
412384
412815
412830
412929
413037
413046
413092
413141
413419
413551
413603
413707
413900
413956
414115
414130
414212
414684
414838
414948
415150
415222
415446
415461
415710
415755
415909
415958
416111
416473
416516
416565
416598
416656
417090
417105
417171
417276
417281
417542
417573
417802
417830
417834
417926
418070
418107
418229
418275
418563
418609
418684
418723
418726
418824
418825
418882
419052
419087
419117
419145
419235
419324
419334
419489
419627
419700
419800
419860
419996
420019
420045
420110
420410
420522
420666
420775
421029
421182
421188
421254
421320
421393
421437
421471
421476
421618
421689
421811
422044
422185
422240
422261
422328
422354
422424
422461
422516
422534
422536
422778
422782
422785
422866
422910
423065
423083
423128
423193
423201
423275
423576
423720
423778
423815
423872
423875
423892
423919
423921
424088
424139
424432
424542
424560
424604
424641
424837
424842
424879
424915
424987
425127
425242
425542
425653
425758
425788
425807
425837
425964
426076
426101
426283
426342
426350
426355
426428
426445
426663
426776
426911
427251
427252
427491
427726
427859
427965
428006
428148
428234
428266
428305
428420
428446
428502
428912
429111
429215
429366
429433
429514
429559
429688
430035
430047
430054
430079
430114
430238
430244
430287
430319
430395
430405
430597
430598
430640
430643
430691
430774
430940
430950
431009
431043
431060
431112
431241
431312
431464
431504
431553
431681
431738
431793
431922
431923
432153
432176
432213
432461
432486
432510
432522
432624
432806
432892
433013
433097
433370
433373
433389
433446
433505
433547
433830
433854
434031
434118
434145
434222
434299
434370
434417
434699
434753
434767
434857
434893
435037
435046
435170
435389
435414
435445
435458
435573
435584
435807
435882
435920
436002
436130
436161
436273
436302
436387
436394
436479
436585
436638
436649
436662
436722
436848
436963
436975
437082
437117
437423
437485
437518
437789
437857
438026
438071
438252
438333
438500
438671
438802
438904
439071
439117
439214
439224
439516
439573
439596
439651
439658
439758
439801
439859
439897
439987
440067
440313
440381
440455
440480
440496
440522
440735
440762
440810
440940
440964
441460
441471
441856
441883
441995
442026
442197
442231
442348
442587
442668
442695
442725
442761
442840
442877
442886
443095
443165
443177
443405
443496
443575
444024
444343
444390
444415
444515
444531
444546
444794
444916
444986
445009
445075
445093
445111
445200
445233
445334
445338
445411
445477
445495
445565
445597
445603
445662
445680
445784
446136
446269
446285
446352
446494
446514
446881
447095
447151
447197
447363
447413
447510
447574
447588
447613
447627
447741
447834
447883
448172
448259
448320
448530
448600
448627
448761
448974
449088
449279
449369
449422
449424
449433
449462
449484
449522
449675
449731
449865
450066
450087
450129
450173
450193
450359
450391
450596
450687
450904
451003
451123
451184
451213
451248
451331
451359
451449
451751
451781
451990
452003
452072
452269
452312
452535
452536
452682
452684
452861
452866
452892
453065
453507
453526
453549
453815
453857
453907
454177
454222
454731
454917
455169
455188
455322
455342
455416
455430
455691
455945
456113
456223
456323
456545
456606
456666
456750
456784
456819
456950
456988
457050
457068
457292
457335
457449
457461
457723
457791
457906
458052
458198
458199
458230
458249
458282
458286
458321
458326
458328
458453
458463
458485
458522
458778
458781
458807
458922
459058
459064
459110
459147
459210
459214
459428
459659
460168
460183
460364
460460
460496
460575
460666
460694
460833
460896
460897
460950
461221
461300
461340
461414
461428
461496
461505
461688
461722
461775
461839
461847
461870
461878
461963
462054
462138
462327
462330
462424
462803
462988
462993
463102
463132
463157
463175
463290
463360
463498
463534
463611
463613
463859
463865
464140
464330
464340
464494
464598
464814
464845
464859
464965
465130
465177
465295
465353
465595
465610
465625
465759
465838
466007
466132
466136
466137
466223
466373
466374
466378
466445
466519
466530
466580
466967
467082
467386
467447
467516
467572
467726
467769
467809
467973
468049
468068
468162
468203
468224
468277
468792
468858
468917
468953
468970
468996
469040
469220
469398
469471
469488
469619
469793
469912
469914
469988
470190
470364
470467
470553
470685
470754
470780
470821
470955
471175
471210
471217
471245
471279
471382
471394
471513
471654
471711
471861
471868
471929
471955
472034
472133
472228
472246
472320
472364
472432
472462
472552
473072
473102
473134
473156
473320
473433
473531
473631
473632
473676
473720
473725
474075
474446
474528
474562
474571
474601
474699
474741
474832
474869
475380
475475
475621
475990
476054
476065
476151
476493
476537
476772
476852
476881
477115
477136
477162
477298
477682
477911
478007
478227
478375
478407
478636
478646
478712
478726
478766
478835
478927
479067
479102
479203
479358
479586
479608
479651
479729
479829
479848
480015
480161
480594
480634
480663
480770
480908
481113
481144
481285
481452
481524
481530
481648
481773
481879
481886
481893
481954
482197
482314
482381
482451
482634
482848
482879
483065
483213
483401
483699
483736
483867
483996
484066
484080
484090
484165
484257
484273
484281
484353
484432
484500
484734
484960
484985
485019
485083
485187
485297
485317
485368
485397
485465
485481
485560
485613
485757
485771
485776
485789
485933
485934
485945
486018
486087
486361
486376
486383
486397
486555
486576
486627
486638
486789
487011
487194
487282
487288
487385
487698
487735
487775
488014
488198
488201
488303
488363
488401
488422
488558
488601
488683
488866
488960
488977
489203
489207
489449
489622
489728
489743
489785
489802
489949
489983
490280
490311
490443
490471
490555
490689
490701
490712
490964
491319
491346
491400
491408
491448
491502
491585
491755
491845
491851
491888
492137
492171
492271
492478
492545
492769
492816
493148
493243
493279
493295
493428
493504
493695
493698
493728
493791
493792
494218
494220
494269
494434
494528
494574
494618
494716
494785
494811
494895
495039
495051
495247
495311
495438
495525
495553
495665
495680
495681
495769
496128
496196
496215
496294
496379
496401
496404
496429
496683
496732
496766
497009
497010
497067
497113
497158
497227
497488
497593
497856
498125
498134
498489
498537
498583
498588
498614
498729
498758
498765
499061
499317
499500
499538
499541
499584
499594
499636
499672
500027
500077
500110
500196
500233
500330
500499
500515
500537
500679
500699
500723
500768
500792
500877
500904
500954
500967
500984
500991
501015
501269
501382
501491
501576
501846
501898
501909
501966
502126
502232
502338
502395
502440
502529
502581
502604
502686
502700
502749
502772
502827
502894
502949
503235
503294
503382
503383
503456
503467
503567
503598
503826
503906
503928
503976
503978
503992
503996
504027
504046
504141
504160
504248
504258
504271
504298
504560
504616
504726
504747
504774
504827
504896
505160
505240
505309
505619
505649
505657
505728
505754
505791
505849
505862
505953
505986
506011
506289
506290
506357
506360
506463
506577
506748
506906
506988
507421
507557
507744
507951
508055
508105
508202
508278
508470
508663
508801
508821
508899
509149
509192
509577
509700
509783
509883
509913
510063
510275
510456
510460
510572
510581
510596
510820
510923
511036
511053
511179
511276
511392
511430
511523
511572
511620
511625
511734
511803
511895
512140
512302
512419
512515
512554
512583
512667
512736
512787
512854
512966
512982
513037
513219
513342
513381
513406
513466
513676
513727
513729
513766
513789
513855
514018
514527
514683
514773
514781
515057
515126
515186
515197
515219
515252
515415
515421
515660
515682
515754
515803
515850
515928
516175
516205
516212
516248
516261
516273
516313
516474
516503
516598
516791
516856
516911
516913
517049
517246
517261
517388
517403
517515
517521
517626
517719
517881
517987
518026
518158
518267
518321
518324
518357
518383
518481
518613
518647
518782
518873
519094
519404
519432
519510
519649
520108
520251
520361
520378
520485
520546
520553
520694
520696
520701
520902
520924
521025
521169
521176
521359
521386
521572
521796
521808
521824
521899
521947
521968
521988
522270
522312
522405
522418
522427
522481
522579
522704
522819
522922
522996
523096
523164
523201
523220
523225
523322
523373
523426
523436
523466
523484
523513
523536
523546
523564
523571
523639
523641
523684
523919
523947
524059
524130
524459
524471
524645
524677
524956
524979
525015
525075
525202
525450
525660
525668
525695
525721
525766
525802
526028
526085
526364
526433
526536
526597
526734
526735
526804
526896
526904
526987
527054
527155
527219
527283
527507
527535
527599
527844
527906
528851
528880
528956
528966
529107
529140
529159
529283
529309
529347
529373
529490
529630
529649
529850
529864
529952
530002
530019
530033
530124
530201
530229
530286
530439
530508
530533
530560
530706
530896
530904
530905
530945
530962
531027
531033
531056
531092
531327
531552
531568
531657
531703
531860
532003
532263
532358
532397
532414
532426
532535
532595
532747
532775
532780
532958
532998
533022
533032
533049
533129
533477
533511
533757
533800
533860
533888
533898
533942
533949
533957
533978
534024
534034
534266
534395
534467
534468
534519
534659
534723
534735
534789
534926
534972
535013
535106
535202
535312
535602
535721
536088
536146
536154
536167
536244
536321
536575
536693
536932
537069
537222
537304
537335
537408
537479
537656
537866
537909
537962
538133
538235
538242
538336
538356
538544
538581
538691
538695
538721
538821
538832
539056
539124
539196
539297
539584
539617
539920
539926
540057
540117
540133
540135
540164
540270
540326
540436
540890
540922
540933
541147
541288
541464
541491
541538
541712
541813
541917
542054
542138
542391
542570
542915
543025
543119
543330
543393
543444
543447
543513
543706
543833
543942
543947
544085
544272
544451
544615
544705
544709
544794
544994
545002
545033
545114
545126
545135
545160
545249
545257
545385
545566
545651
545671
545804
545844
545849
545900
545987
546018
546056
546261
546401
546408
546444
546500
546674
546695
546832
546934
547154
547300
547470
548375
548734
548742
548772
548822
548882
548889
548913
548953
549236
549427
549501
549518
549650
549711
549715
550013
550112
550133
550162
550237
550239
550445
550536
550540
550702
550707
550767
550780
550853
551014
551082
551288
551303
551336
551344
551718
551791
551877
551956
551998
552005
552061
552159
552221
552320
552403
552549
552641
552755
553361
553371
553542
553847
554083
554114
554323
554364
554445
554621
554661
554710
554759
554803
554980
555022
555245
555298
555368
555909
555939
556025
556073
556143
556178
556363
556462
556633
556703
556775
556892
557081
557245
557246
557339
557589
557896
558163
558189
558190
558378
558426
558616
558633
558642
558671
558673
558702
559067
559277
559425
559427
559560
559701
559776
559780
559900
559953
559986
560131
560242
560373
560392
560436
560495
560567
560576
560721
560969
561326
561411
561454
561491
562123
562150
562242
562289
562341
562458
562664
562735
562777
562830
562835
563170
563178
563261
563444
563477
563615
563697
563730
563798
563885
564058
564118
564197
564235
564270
564271
564328
564481
564609
564629
564653
565002
565004
565034
565146
565233
565387
565694
565767
565903
565986
566146
566324
566357
566765
566897
567106
567254
567268
567421
567530
567552
567627
567721
567813
568116
568308
568309
568318
568549
568560
568599
568717
568848
569024
569081
569143
569148
569272
569289
569310
569449
569550
569591
569602
569607
569683
569725
569742
569801
569839
569849
570066
570115
570280
570307
570412
570465
570474
570503
570515
570518
570548
570608
570678
570817
570917
570942
570947
570952
570968
571157
571244
571246
571331
571334
571443
571791
571799
571847
571848
571858
572207
572301
572399
572453
572608
572888
572993
573063
573196
573206
573225
573341
573565
573659
573726
573911
573931
574000
574077
574103
574308
574461
574506
574541
574562
574675
574717
574769
574792
574834
574915
575307
575361
575391
575469
575702
576155
576214
576239
576427
576675
576678
576877
576981
577077
577128
577377
577526
577532
577564
577718
577857
577953
578171
578292
578391
578418
578498
578525
578795
578972
579016
579053
579057
579144
579184
579240
579594
579673
580344
580454
580538
580678
580681
580706
580822
580942
580960
581009
581031
581040
581205
581715
581744
